-2.3857135576027164
-2.3447774277155577
-2.303690178159986
-2.2624350775070505
-2.220994794148506
-2.179351553526452
-2.137487312834353
-2.0953839496606355
-2.05302346055647
-2.0103881652091244
-1.9674609118111606
-1.924225279338839
-1.8806657727801694
-1.8367680078591846
-1.7925188824514167
-1.747906732630677
-1.7029214720788417
-1.6575547143776626
-1.611799878437656
-1.5656522779631845
-1.5191091963735819
-1.4721699489764397
-1.424835934410436
-1.377110677440829
-1.328999865109433
-1.2805113780280366
-1.231655318280782
-1.1824440349912102
-1.1328921481397864
-1.08301657071392
-1.0328365287602517
-0.9823735784115418
-0.9316516184989866
-0.8806968969530184
-0.829538008856486
-0.7782058837553476
-0.7267337596621154
-0.6751571411123322
-0.623513738656961
-0.5718433872946806
-0.5201879415656296
-0.46859114533842244
-0.41709847471921946
-0.36575695298757704
-0.3146149370091452
-0.26372187517850343
-0.21312803759391186
-0.16288421984460955
-0.1130414224847659
-0.06365050895908231